255 255 255 255 255 255 255 255 255 255 255 255 255 255 255 255
255 255 255 253 255 255 255 255 255 255 255 255 254 254 255 255
255 255 255 254 254 255 161 255 255   3 255 255   1 255 255 255
255 255 255 255 236 254 255 255 255 250 255   4 255 255 255 255
255 255 255 255 255   0   0   0   0   0   0 254 255 255 255 255
255 255 255 255   3 255 255 252   8 255 255   9 255 255 255 255
255 255 255   6 255 255 251 249 255 252 255 255   4 254 255 255
255 255 203 229 230 230   0 218 218   3 230 230 228   2 255 255
255 255 250 254 255 255   0 255 255 183 255 255 250 249 255 255
255 255 255 249 247 255 251 254 255   2 255 255   9 255 255 255
255 255 255 255   3 254 250 254 255 253 255   1 255 255 255 255
255 255 255 255 255   3 255   2 248 255   4 254 255 255 255 255
255 255 255 255 255 255   4  41   1 151 255 255 255 255 255 255
255 255 255 255 255 255 253 251 252 253 255 255 255 255 255 255
255 255 255 255 255 255 255 252 250 255 255 255 255 255 255 255
255 255 255 255 255 255 255 255 255 255 255 255 255 255 255 255
255 255 255 255 255 255 255 255 255 255 255 255 255 255 255 255
255 255 255 253 255 255 255 255 255 255 255 255 254 254 255 255
255 255 255 254 254 255 161 255 255   3 255 255   1 255 255 255
255 255 255 255 236 254 255 255 255 250 255   4 255 255 255 255
255 255 255 255 255   0   0   0   0   0   0 254 255 255 255 255
255 255 255 255   3 255 255 252   8 255 255   9 255 255 255 255
255 255 255   6 255 255 251 249 255 252 255 255   4 254 255 255
255 255 203 229 230 230   0 218 218   3 230 230 228   2 255 255
255 255 250 254 255 255   0 255 255 183 255 255 250 249 255 255
255 255 255 249 247 255 251 254 255   2 255 255   9 255 255 255
255 255 255 255   3 254 250 254 255 253 255   1 255 255 255 255
255 255 255 255 255   3 255   2 248 255   4 254 255 255 255 255
255 255 255 255 255 255   4  41   1 151 255 255 255 255 255 255
255 255 255 255 255 255 253 251 252 253 255 255 255 255 255 255
255 255 255 255 255 255 255 252 250 255 255 255 255 255 255 255
255 255 255 255 255 255 255 255 255 255 255 255 255 255 255 255
255 255 255 255 255 255 255 255 255 255 255 255 255 255 255 255
255 255 255 253 255 255 255 255 255 255 255 255 254 254 255 255
255 255 255 254 254 255 161 255 255   3 255 255   1 255 255 255
255 255 255 255 236 254 255 255 255 250 255   4 255 255 255 255
255 255 255 255 255   0   0   0   0   0   0 254 255 255 255 255
255 255 255 255   3 255 255 252   8 255 255   9 255 255 255 255
255 255 255   6 255 255 251 249 255 252 255 255   4 254 255 255
255 255 203 229 230 230   0 218 218   3 230 230 228   2 255 255
255 255 250 254 255 255   0 255 255 183 255 255 250 249 255 255
255 255 255 249 247 255 251 254 255   2 255 255   9 255 255 255
255 255 255 255   3 254 250 254 255 253 255   1 255 255 255 255
255 255 255 255 255   3 255   2 248 255   4 254 255 255 255 255
255 255 255 255 255 255   4  41   1 151 255 255 255 255 255 255
255 255 255 255 255 255 253 251 252 253 255 255 255 255 255 255
255 255 255 255 255 255 255 252 250 255 255 255 255 255 255 255
255 255 255 255 255 255 255 255 255 255 255 255 255 255 255 255

255 255 255 255 255 255 255 255 255 255 255 255 255 255 255 255
255 255 255 255 255 255 255 255 255 255 255 255 255 255 255 255
255 255 255 255 255 255 254   2 250 255 255 255 255 255 255 255
255 254   2 255 255 255   5 229 251   9 255 255 255 255 255 255
255 255 255   5 255   9 255 230 255 255   1 254 255 255 255 255
255 255 255 255   1 255 255 231 255 255 255   5 255 255 255 255
255 255   4 251   1 255 252   4 184   3 253 255 151 254 255 255
255 255 255 255   1   9 255 219 255 255 255 249   2 253 250 255
255 255 255 255   1 253 250 219 255 255 255   3  42 251 252 255
255 255 161 255   1 255 252   1   1 252 251 255   4 254 255 255
255 255 255 255   1 255 255 230 255 255 254   4 255 255 255 255
255 255 254 236 255   3 255 230 255 248   3 255 255 255 255 255
255 253 255 255 255 255   6 229 255 250 255 255 255 255 255 255
255 255 255 255 255 255 255 203 251 255 255 255 255 255 255 255
255 255 255 255 255 255 255 255 255 255 255 255 255 255 255 255
255 255 255 255 255 255 255 255 255 255 255 255 255 255 255 255
255 255 255 255 255 255 255 255 255 255 255 255 255 255 255 255
255 255 255 255 255 255 255 255 255 255 255 255 255 255 255 255
255 255 255 255 255 255 254   2 250 255 255 255 255 255 255 255
255 254   2 255 255 255   5 229 251   9 255 255 255 255 255 255
255 255 255   5 255   9 255 230 255 255   1 254 255 255 255 255
255 255 255 255   1 255 255 231 255 255 255   5 255 255 255 255
255 255   4 251   1 255 252   4 184   3 253 255 151 254 255 255
255 255 255 255   1   9 255 219 255 255 255 249   2 253 250 255
255 255 255 255   1 253 250 219 255 255 255   3  42 251 252 255
255 255 161 255   1 255 252   1   1 252 251 255   4 254 255 255
255 255 255 255   1 255 255 230 255 255 254   4 255 255 255 255
255 255 254 236 255   3 255 230 255 248   3 255 255 255 255 255
255 253 255 255 255 255   6 229 255 250 255 255 255 255 255 255
255 255 255 255 255 255 255 203 251 255 255 255 255 255 255 255
255 255 255 255 255 255 255 255 255 255 255 255 255 255 255 255
255 255 255 255 255 255 255 255 255 255 255 255 255 255 255 255
255 255 255 255 255 255 255 255 255 255 255 255 255 255 255 255
255 255 255 255 255 255 255 255 255 255 255 255 255 255 255 255
255 255 255 255 255 255 254   2 250 255 255 255 255 255 255 255
255 254   2 255 255 255   5 229 251   9 255 255 255 255 255 255
255 255 255   5 255   9 255 230 255 255   1 254 255 255 255 255
255 255 255 255   1 255 255 231 255 255 255   5 255 255 255 255
255 255   4 251   1 255 252   4 184   3 253 255 151 254 255 255
255 255 255 255   1   9 255 219 255 255 255 249   2 253 250 255
255 255 255 255   1 253 250 219 255 255 255   3  42 251 252 255
255 255 161 255   1 255 252   1   1 252 251 255   4 254 255 255
255 255 255 255   1 255 255 230 255 255 254   4 255 255 255 255
255 255 254 236 255   3 255 230 255 248   3 255 255 255 255 255
255 253 255 255 255 255   6 229 255 250 255 255 255 255 255 255
255 255 255 255 255 255 255 203 251 255 255 255 255 255 255 255
255 255 255 255 255 255 255 255 255 255 255 255 255 255 255 255
255 255 255 255 255 255 255 255 255 255 255 255 255 255 255 255

255 255 255 255 255 255 255 255 255 255 255 255 255 255 255 255
255 255 255 255 255 255 255 250 252 255 255 255 255 255 255 255
255 255 255 255 255 255 254 253 251 254 255 255 255 255 255 255
255 255 255 255 255 255 151   2  42   4 255 255 255 255 255 255
255 255 255 255 254   5 255 249   3 255   4 255 255 255 255 255
255 255 255 255   1 255 253 255 255 251 254   3 255 255 255 255
255 255 255  10 255 255   3 255 255 252 255 248 250 255 255 255
255 255 250 251 255 255 183 255 255   1 255 255 255 251 255 255
255 255   2 229 230 230   4 218 218   1 230 230 229 203 255 255
255 255 254   5 255 255 252 255 250 252 255 255   6 255 255 255
255 255 255 255   9 255 255   9 253 255 255   3 255 255 255 255
255 255 255 255 255   1   1   1   1   1   1 255 255 255 255 255
255 255 255 255   5 255 251 255 255 255 255 237 255 255 255 255
255 255 255   2 255 255   4 255 255 161 255 254 255 255 255 255
255 255 255 254 255 255 255 255 255 255 255 255 253 255 255 255
255 255 255 255 255 255 255 255 255 255 255 255 255 255 255 255
255 255 255 255 255 255 255 255 255 255 255 255 255 255 255 255
255 255 255 255 255 255 255 250 252 255 255 255 255 255 255 255
255 255 255 255 255 255 254 253 251 254 255 255 255 255 255 255
255 255 255 255 255 255 151   2  42   4 255 255 255 255 255 255
255 255 255 255 254   5 255 249   3 255   4 255 255 255 255 255
255 255 255 255   1 255 253 255 255 251 254   3 255 255 255 255
255 255 255  10 255 255   3 255 255 252 255 248 250 255 255 255
255 255 250 251 255 255 183 255 255   1 255 255 255 251 255 255
255 255   2 229 230 230   4 218 218   1 230 230 229 203 255 255
255 255 254   5 255 255 252 255 250 252 255 255   6 255 255 255
255 255 255 255   9 255 255   9 253 255 255   3 255 255 255 255
255 255 255 255 255   1   1   1   1   1   1 255 255 255 255 255
255 255 255 255   5 255 251 255 255 255 255 237 255 255 255 255
255 255 255   2 255 255   4 255 255 161 255 254 255 255 255 255
255 255 255 254 255 255 255 255 255 255 255 255 253 255 255 255
255 255 255 255 255 255 255 255 255 255 255 255 255 255 255 255
255 255 255 255 255 255 255 255 255 255 255 255 255 255 255 255
255 255 255 255 255 255 255 250 252 255 255 255 255 255 255 255
255 255 255 255 255 255 254 253 251 254 255 255 255 255 255 255
255 255 255 255 255 255 151   2  42   4 255 255 255 255 255 255
255 255 255 255 254   5 255 249   3 255   4 255 255 255 255 255
255 255 255 255   1 255 253 255 255 251 254   3 255 255 255 255
255 255 255  10 255 255   3 255 255 252 255 248 250 255 255 255
255 255 250 251 255 255 183 255 255   1 255 255 255 251 255 255
255 255   2 229 230 230   4 218 218   1 230 230 229 203 255 255
255 255 254   5 255 255 252 255 250 252 255 255   6 255 255 255
255 255 255 255   9 255 255   9 253 255 255   3 255 255 255 255
255 255 255 255 255   1   1   1   1   1   1 255 255 255 255 255
255 255 255 255   5 255 251 255 255 255 255 237 255 255 255 255
255 255 255   2 255 255   4 255 255 161 255 254 255 255 255 255
255 255 255 254 255 255 255 255 255 255 255 255 253 255 255 255
255 255 255 255 255 255 255 255 255 255 255 255 255 255 255 255

255 255 255 255 255 255 255 255 255 255 255 255 255 255 255 255
255 255 255 255 255 255 255 255 255 255 255 255 255 255 255 255
255 255 255 255 255 255 255 251 203 255 255 255 255 255 255 255
255 255 255 255 255 255 250 255 230   6 255 255 255 255 253 255
255 255 255 255 255   3 248 255 230 255   3 255 236 254 255 255
255 255 255 255   4 254 255 255 230 255 255   1 255 255 255 255
255 255 254   4 255 251 252   1   1 252 255   1 255 161 255 255
255 252 251  42   3 255 255 255 219 250 253   1 255 255 255 255
255 250 253   2 249 255 255 255 219 255   9   1 255 255 255 255
255 255 254 152 255 253   3 184   4 252 255   1 251   4 255 255
255 255 255 255   5 255 255 255 231 255 255   1 255 255 255 255
255 255 255 255 254   1 255 255 230 255   9 255   5 255 255 255
255 255 255 255 255 255   9 251 229   5 255 255 255   2 254 255
255 255 255 255 255 255 255 250   2 254 255 255 255 255 255 255
255 255 255 255 255 255 255 255 255 255 255 255 255 255 255 255
255 255 255 255 255 255 255 255 255 255 255 255 255 255 255 255
255 255 255 255 255 255 255 255 255 255 255 255 255 255 255 255
255 255 255 255 255 255 255 255 255 255 255 255 255 255 255 255
255 255 255 255 255 255 255 251 203 255 255 255 255 255 255 255
255 255 255 255 255 255 250 255 230   6 255 255 255 255 253 255
255 255 255 255 255   3 248 255 230 255   3 255 236 254 255 255
255 255 255 255   4 254 255 255 230 255 255   1 255 255 255 255
255 255 254   4 255 251 252   1   1 252 255   1 255 161 255 255
255 252 251  42   3 255 255 255 219 250 253   1 255 255 255 255
255 250 253   2 249 255 255 255 219 255   9   1 255 255 255 255
255 255 254 152 255 253   3 184   4 252 255   1 251   4 255 255
255 255 255 255   5 255 255 255 231 255 255   1 255 255 255 255
255 255 255 255 254   1 255 255 230 255   9 255   5 255 255 255
255 255 255 255 255 255   9 251 229   5 255 255 255   2 254 255
255 255 255 255 255 255 255 250   2 254 255 255 255 255 255 255
255 255 255 255 255 255 255 255 255 255 255 255 255 255 255 255
255 255 255 255 255 255 255 255 255 255 255 255 255 255 255 255
255 255 255 255 255 255 255 255 255 255 255 255 255 255 255 255
255 255 255 255 255 255 255 255 255 255 255 255 255 255 255 255
255 255 255 255 255 255 255 251 203 255 255 255 255 255 255 255
255 255 255 255 255 255 250 255 230   6 255 255 255 255 253 255
255 255 255 255 255   3 248 255 230 255   3 255 236 254 255 255
255 255 255 255   4 254 255 255 230 255 255   1 255 255 255 255
255 255 254   4 255 251 252   1   1 252 255   1 255 161 255 255
255 252 251  42   3 255 255 255 219 250 253   1 255 255 255 255
255 250 253   2 249 255 255 255 219 255   9   1 255 255 255 255
255 255 254 152 255 253   3 184   4 252 255   1 251   4 255 255
255 255 255 255   5 255 255 255 231 255 255   1 255 255 255 255
255 255 255 255 254   1 255 255 230 255   9 255   5 255 255 255
255 255 255 255 255 255   9 251 229   5 255 255 255   2 254 255
255 255 255 255 255 255 255 250   2 254 255 255 255 255 255 255
255 255 255 255 255 255 255 255 255 255 255 255 255 255 255 255
255 255 255 255 255 255 255 255 255 255 255 255 255 255 255 255
